Mbh		 abh		 Ewind		 Eacc		 Eacc_ADAF		 Mexp		 filename       tff         Md
1.296e+01	9.483e-01	6.203e+52	4.044e+54	2.514e+52	17.666327208277824	zem5/20.0/profile49	313.6095367455694	0.07288525500628502
1.635e+01	9.483e-01	5.817e+52	5.184e+54	2.279e+52	21.776512308328037	zem5/25.0/profile79	265.1633986244325	0.09053673303048275
1.988e+01	9.483e-01	6.354e+52	6.375e+54	2.507e+52	26.146587946370612	zem5/30.0/profile35	285.2973617837096	0.10636244410478034
2.348e+01	9.483e-01	6.428e+52	7.587e+54	2.558e+52	30.314764145012774	zem5/35.0/profile24	277.916867158741	0.11828671229748781
2.716e+01	9.483e-01	6.598e+52	8.826e+54	2.641e+52	34.53782502022591	zem5/40.0/profile64	280.6883875641103	0.12614369116653912
3.081e+01	9.483e-01	6.661e+52	1.006e+55	2.662e+52	38.70933697885749	zem5/45.0/profile92	277.5427932658113	0.12951371703868853
3.443e+01	9.483e-01	6.957e+52	1.127e+55	2.789e+52	42.94245122564641	zem5/50.0/profile85	291.959670844614	0.1346712978427446
3.810e+01	9.483e-01	7.361e+52	1.251e+55	2.990e+52	47.36429124453039	zem5/55.0/profile60	317.6649358395381	0.13734208348444682
4.188e+01	9.483e-01	7.559e+52	1.379e+55	3.116e+52	51.77360957930847	zem5/60.0/profile60	326.3879335904927	0.14597396502398644
4.579e+01	9.483e-01	7.374e+52	1.510e+55	3.031e+52	55.88789856549428	zem5/65.0/profile62	317.44260209896555	0.13443254860814208
4.948e+01	9.483e-01	7.457e+52	1.635e+55	6.205e+53	60.150691079288976	zem5/70.0/profile78	325.1533639928986	0.1354580823500651
5.342e+01	9.483e-01	7.518e+52	1.767e+55	2.860e+53	64.60812706579112	zem5/75.0/profile80	334.3185294689891	0.13438348102579276
1.407e+02	1.276e-01	2.739e+51	2.665e+51	2.665e+51	139.5858476282915	zem5/155.0/profile23	7523.346251984885	0.0003806388899717266
1.433e+02	7.918e-02	5.722e+49	6.470e+49	6.470e+49	142.1161801161628	zem5/160.0/profile27	4536968.004331533	0.0024033683982935534
1.518e+02	7.887e-02	0.000e+00	0.000e+00	0.000e+00	150.2705618513677	zem5/170.0/profile16	4171229.3807518636	0
1.558e+02	8.452e-02	2.916e+50	2.617e+50	2.617e+50	154.5992460680667	zem5/175.0/profile16	3368488.1424812824	1.1308956191911789e-09
1.601e+02	8.638e-02	2.826e+50	2.547e+50	2.547e+50	158.90207682321957	zem5/180.0/profile16	3401765.208851275	8.809195561642443e-10
1.639e+02	8.464e-02	2.759e+50	2.492e+50	2.492e+50	162.61873167943227	zem5/185.0/profile16	3325230.3813974448	9.142200299238728e-10
1.700e+02	8.487e-02	3.231e+50	2.921e+50	2.921e+50	168.75836606394742	zem5/190.0/profile15	3539684.0665080235	8.941998059345438e-10
1.732e+02	8.396e-02	3.063e+50	2.758e+50	2.758e+50	171.87493309633618	zem5/195.0/profile16	3530495.5745996814	1.0877082093663843e-09
1.764e+02	6.932e-02	0.000e+00	0.000e+00	0.000e+00	174.97708706220521	zem5/200.0/profile16	4551782.133595538	0
1.793e+02	6.792e-02	5.089e+49	4.783e+49	4.783e+49	177.66312457320583	zem5/205.0/profile68	4829034.216493203	0.004393698056084851
1.853e+02	8.311e-02	3.262e+50	2.973e+50	2.973e+50	183.87373562905918	zem5/210.0/profile16	3416828.4199407157	8.61088889859982e-10
1.922e+02	7.057e-02	3.597e+50	3.524e+50	3.524e+50	190.613406314999	zem5/215.0/profile16	3708378.8663068037	9.93871122302359e-10
1.956e+02	8.128e-02	3.822e+50	3.451e+50	3.451e+50	194.1566880623577	zem5/220.0/profile15	3559463.103870737	1.6853546154057362e-09
2.024e+02	7.722e-02	4.044e+50	3.771e+50	3.771e+50	200.7952919438023	zem5/225.0/profile16	3628211.277939605	3.294803521786678e-10
2.044e+02	7.437e-02	3.932e+50	3.769e+50	3.769e+50	202.86216956730442	zem5/230.0/profile16	3709063.249961271	9.493442322405322e-12
2.086e+02	7.736e-02	4.012e+50	3.689e+50	3.689e+50	206.99686914055255	zem5/235.0/profile16	3566004.21657483	8.135779734606239e-10
2.137e+02	7.687e-02	3.935e+50	3.612e+50	3.612e+50	212.11099880118857	zem5/240.0/profile16	3605914.248309578	8.794350326194652e-10
2.191e+02	7.464e-02	4.453e+50	4.158e+50	4.158e+50	217.28539247746897	zem5/245.0/profile16	3819855.863255309	3.2373434954026627e-10
2.240e+02	6.879e-02	3.843e+50	3.783e+50	3.783e+50	222.1630690126313	zem5/250.0/profile16	4030632.6117269127	1.4673130310466707e-09
2.290e+02	7.580e-02	5.858e+49	6.608e+49	6.608e+49	227.1949544742348	zem5/255.0/profile16	3786808.1263453416	6.368534961722066e-09
2.347e+02	7.805e-02	4.738e+50	4.271e+50	4.271e+50	232.84484736290898	zem5/260.0/profile16	3929859.9446391687	2.632602817662349e-09
2.407e+02	6.401e-02	1.515e+50	1.659e+50	1.659e+50	238.78541208628047	zem5/265.0/profile4	3795972.094748662	5.731419374583904e-09
2.437e+02	6.793e-02	0.000e+00	0.000e+00	0.000e+00	241.74452436045254	zem5/270.0/profile4	4544117.402478849	0
2.483e+02	7.713e-02	5.015e+50	4.680e+50	4.680e+50	246.4503703271584	zem5/275.0/profile4	3831391.6987936376	7.001288672600707e-10
2.509e+02	8.444e-02	4.452e+50	4.019e+50	4.019e+50	249.0827918590147	zem5/280.0/profile4	3676324.974483561	3.2747848276699513e-09
2.574e+02	8.102e-02	4.453e+50	3.921e+50	3.921e+50	255.51694922161133	zem5/285.0/profile4	3642010.952164811	1.0899626193653204e-08
2.617e+02	6.746e-02	0.000e+00	0.000e+00	0.000e+00	259.8599239516434	zem5/290.0/profile45	7641080.122871395	0
2.635e+02	6.487e-02	0.000e+00	0.000e+00	0.000e+00	261.326776951299	zem5/295.0/profile27	5837556.214023208	0
1.258e+01	9.483e-01	5.478e+52	3.915e+54	2.170e+52	17.196971765235485	zem4/20.0/profile33	275.92536615487796	0.07489981928574549
1.577e+01	9.483e-01	5.442e+52	4.990e+54	2.181e+52	21.01907058210732	zem4/25.0/profile66	250.73147673891933	0.09326483078034009
1.918e+01	9.483e-01	5.356e+52	6.140e+54	2.168e+52	24.829595868714524	zem4/30.0/profile14	242.8668679559484	0.09710410184821994
2.264e+01	9.483e-01	5.102e+52	7.304e+54	2.106e+52	28.561942347653	zem4/35.0/profile88	232.24950891285152	0.09306406764703935
2.605e+01	9.483e-01	5.084e+52	8.452e+54	2.131e+52	32.48828099321638	zem4/40.0/profile44	241.60784696203908	0.09842519620639424
2.977e+01	9.483e-01	3.891e+52	9.709e+54	8.345e+52	35.92250282814029	zem4/45.0/profile47	168.21278753300547	0.08870220711345543
3.328e+01	9.483e-01	3.975e+52	1.088e+55	4.103e+52	39.68843942151107	zem4/50.0/profile43	189.0277796059176	0.04667691587085782
4.268e+01	8.046e-01	2.790e+52	4.346e+53	1.250e+52	43.68014619406975	zem4/55.0/profile36	181.0385932004271	0.019753938972790937
4.703e+01	7.924e-01	2.569e+52	4.113e+53	1.158e+52	47.85225957979081	zem4/60.0/profile86	168.75717389568703	0.02022658623317714
5.119e+01	7.739e-01	2.850e+52	3.678e+53	1.325e+52	52.01151648195693	zem4/65.0/profile35	206.72128705977843	0.015834642560396493
5.959e+01	6.785e-01	2.420e+52	1.493e+53	1.314e+52	59.89120525376266	zem4/75.0/profile59	210.55312462872615	0.008822864100638943
6.358e+01	6.487e-01	2.331e+52	1.173e+53	1.324e+52	63.790387755932244	zem4/80.0/profile24	216.92044921084403	0.007780268555258048
1.118e+02	4.306e-01	8.269e+51	9.758e+51	9.758e+51	111.12547053641752	zem4/135.0/profile23	246.92829108258528	0.001420346646598092
1.722e+00	9.489e-01	1.270e+53	2.576e+53	6.498e+52	136.41746209440444	zem4/140.0/profile11	2103.635421705346	94.29757439053199
2.066e+00	9.483e-01	1.582e+53	3.717e+53	7.921e+52	141.20958914477973	zem4/145.0/profile12	2119.8598155003806	89.77953072879029
3.045e+00	9.481e-01	2.581e+53	7.030e+53	1.255e+53	155.61340957475753	zem4/160.0/profile12	2323.088295441204	78.38097160814266
1.372e+02	3.147e-01	1.245e+51	1.511e+51	1.511e+51	136.13664833918452	zem4/165.0/profile24	275.370875797159	0.00024239585944119235
3.218e+00	9.480e-01	2.835e+53	7.613e+53	1.388e+53	165.28127456832425	zem4/170.0/profile11	2461.242064955195	80.17630359907214
1.574e+02	2.236e-01	8.105e+51	8.509e+51	8.509e+51	156.6421070977637	zem4/175.0/profile23	1251.1745794137312	0.0025698463189559703
1.603e+02	4.182e-01	3.530e+52	4.598e+52	2.998e+52	159.96763876640136	zem4/180.0/profile24	609.9918994256515	0.013859705680570539
1.663e+02	2.516e-01	8.707e+51	9.238e+51	9.238e+51	165.42543203307164	zem4/185.0/profile23	1101.6243056464607	0.0028790820683384883
1.576e+02	2.437e-01	2.309e+50	2.758e+50	2.758e+50	156.5196976915673	zem4/190.0/profile21	495.70888440631967	2.7023382160750364e-05
1.749e+02	3.122e-01	1.856e+52	1.982e+52	1.982e+52	174.27920651048112	zem4/195.0/profile31	938.4365089035123	0.006714703573743273
1.788e+02	3.381e-01	2.348e+52	2.530e+52	2.530e+52	178.019491424324	zem4/200.0/profile29	799.6918843185402	0.009080201437126177
1.196e+02	9.482e-01	7.202e+53	3.989e+55	2.774e+53	197.97463787501584	zem4/205.0/profile52	2828.207443984297	2.325682658389414
1.875e+02	3.601e-01	2.825e+52	3.066e+52	3.066e+52	186.90966250112493	zem4/210.0/profile23	770.8184121147862	0.010371175617471274
1.929e+02	2.996e-01	1.719e+52	1.857e+52	1.857e+52	191.98322215625905	zem4/215.0/profile23	894.250454106058	0.006477586831105526
1.960e+02	3.806e-01	3.251e+52	3.579e+52	3.575e+52	195.2884524404044	zem4/220.0/profile29	681.8178072451274	0.012815156560113462
1.901e+02	2.406e-01	2.606e+50	3.231e+50	3.231e+50	188.5881163392739	zem4/225.0/profile22	334.27758416807194	5.87835859813255e-05
2.061e+02	2.961e-01	1.833e+52	1.980e+52	1.980e+52	205.33818471944062	zem4/230.0/profile24	923.7729198902996	0.0071128937424946356
2.094e+02	3.829e-01	3.284e+52	3.616e+52	3.613e+52	208.8098354778769	zem4/235.0/profile22	704.6034915636831	0.012908628180738202
2.141e+02	3.405e-01	2.007e+52	2.193e+52	2.193e+52	213.25390689034097	zem4/240.0/profile23	866.5396863732834	0.007197692704180516
1.485e+02	9.482e-01	7.814e+53	4.962e+55	2.942e+53	235.36530010779808	zem4/245.0/profile16	2878.119694191616	2.781219035352392
2.195e+02	3.642e-01	2.423e+52	2.716e+52	2.715e+52	218.4834549843884	zem4/250.0/profile24	569.6988658124766	0.009801191277563575
2.269e+02	3.447e-01	2.810e+52	3.092e+52	3.092e+52	226.21021441012607	zem4/255.0/profile57	795.6825032755643	0.011149013170942737
2.218e+02	2.665e-01	1.911e+51	2.199e+51	2.199e+51	220.37297858091128	zem4/260.0/profile21	564.5739592451076	0.00043602694591979025
2.345e+02	3.582e-01	2.601e+52	2.893e+52	2.893e+52	233.6837143934159	zem4/265.0/profile22	715.2576829503907	0.01036892781243036
2.405e+02	3.195e-01	2.323e+52	2.558e+52	2.558e+52	239.39788387370098	zem4/270.0/profile23	804.3836965584699	0.009890447710024846
2.445e+02	3.391e-01	2.849e+52	3.147e+52	3.147e+52	243.55029822411186	zem4/275.0/profile24	758.2477020195428	0.012653231986980606
2.531e+02	9.240e-02	4.483e+49	3.656e+49	3.656e+49	251.34220196469795	zem4/280.0/profile88	4420752.885513871	0.004837370536265589
2.579e+02	6.931e-02	3.131e+50	3.072e+50	3.072e+50	254.99365889313358	zem4/285.0/profile23	32804.29314246374	2.435250736778071e-06
2.612e+02	9.158e-02	0.000e+00	0.000e+00	0.000e+00	259.1233966928044	zem4/290.0/profile4	4161634.261961555	0
2.678e+02	7.769e-02	0.000e+00	0.000e+00	0.000e+00	265.6844524244026	zem4/295.0/profile4	3825130.0830368153	0
1.224e+01	9.483e-01	5.258e+52	3.803e+54	2.104e+52	16.737395379829053	3zem4/20.0/profile25	269.2074147699231	0.07386009089992691
1.561e+01	9.483e-01	4.350e+52	4.935e+54	1.783e+52	20.034601855957003	3zem4/25.0/profile45	214.08720286239307	0.06517949146414359
2.204e+01	8.737e-01	2.072e+52	5.519e+53	9.196e+51	23.077001978079604	3zem4/30.0/profile24	109.33198003160349	0.030843181730207263
2.578e+01	8.381e-01	1.997e+52	4.178e+53	8.568e+51	26.610881156641817	3zem4/35.0/profile25	116.22929756178628	0.018872977131058944
2.959e+01	8.689e-01	2.824e+52	6.259e+53	1.186e+52	30.878751906872484	3zem4/40.0/profile13	162.9497739524765	0.02323076444857153
3.362e+01	8.323e-01	2.600e+52	4.640e+53	1.130e+52	34.641172771282015	3zem4/45.0/profile51	165.19971650698454	0.01833233280626205
3.763e+01	8.123e-01	2.652e+52	4.155e+53	1.173e+52	38.60201002112202	3zem4/50.0/profile37	173.80217492283595	0.017255961171823563
4.136e+01	6.576e-01	1.436e+52	9.654e+52	7.790e+51	41.461805419532205	3zem4/55.0/profile27	113.2678713160659	0.008039008129271021
4.494e+01	5.953e-01	1.374e+52	4.354e+52	8.856e+51	44.96496762640201	3zem4/60.0/profile24	161.46166878583642	0.002442003565332828
4.940e+01	6.179e-01	1.576e+52	7.475e+52	9.256e+51	49.458383681546934	3zem4/65.0/profile11	153.9390966325659	0.005482121305933062
5.280e+01	4.944e-01	7.893e+51	1.669e+52	6.104e+51	52.3116203988505	3zem4/70.0/profile24	95.47471004116322	0.002662917838741098
6.522e+01	5.042e-01	1.171e+52	2.072e+52	9.337e+51	64.8774426646349	3zem4/85.0/profile24	183.8267651308383	0.002110572577114412
1.693e+00	9.490e-01	1.230e+53	2.472e+53	6.250e+52	140.4729174921541	3zem4/145.0/profile13	2110.5803419131835	100.14017434764702
1.726e+00	9.489e-01	1.263e+53	2.570e+53	6.355e+52	145.48996048475314	3zem4/150.0/profile17	2182.173840973793	103.86570489271153
1.978e+00	9.484e-01	1.472e+53	3.417e+53	7.347e+52	159.36285139409426	3zem4/165.0/profile20	2125.7100055161172	109.89120586455891
1.392e+02	1.251e-01	8.953e+47	1.029e+48	1.029e+48	137.835069468948	3zem4/185.0/profile25	557.7692358616795	6.098745543155256e-08
2.298e+00	9.481e-01	1.733e+53	4.497e+53	8.507e+52	183.41240111786416	3zem4/190.0/profile9	2285.137037679183	124.73728184802086
2.418e+00	9.481e-01	1.873e+53	4.915e+53	9.131e+52	188.0522295969536	3zem4/195.0/profile12	2352.4336318025953	124.75292718840323
1.466e+02	8.475e-02	0.000e+00	0.000e+00	0.000e+00	145.39582989038314	3zem4/200.0/profile47	690.559095955364	0
2.218e+00	9.482e-01	1.703e+53	4.219e+53	8.374e+52	197.723594279982	3zem4/205.0/profile12	2514.1393503251625	139.4566556650977
1.477e+02	6.274e-02	0.000e+00	0.000e+00	0.000e+00	146.60302127972858	3zem4/210.0/profile23	1119.9518124142828	0
1.537e+02	6.572e-02	0.000e+00	0.000e+00	0.000e+00	152.4776455558704	3zem4/215.0/profile27	1868.9592340934428	0
2.873e+00	9.480e-01	2.154e+53	6.428e+53	1.046e+53	211.03789336602574	3zem4/220.0/profile9	2312.6660799905203	137.86411647455705
5.269e+00	9.480e-01	4.094e+53	1.449e+54	1.917e+53	215.15142598538762	3zem4/225.0/profile16	2295.6353664085887	97.11600512833569
1.640e+02	5.906e-02	0.000e+00	0.000e+00	0.000e+00	162.8529409087401	3zem4/230.0/profile25	2262.6391638129194	0
1.677e+02	6.073e-02	0.000e+00	0.000e+00	0.000e+00	166.40753936843737	3zem4/235.0/profile28	825.9186995672013	0
1.692e+02	5.400e-02	0.000e+00	0.000e+00	0.000e+00	167.80460271565244	3zem4/240.0/profile31	892.9541996190121	0
1.693e+02	4.937e-02	0.000e+00	0.000e+00	0.000e+00	167.98637772164352	3zem4/245.0/profile23	1496.2457400420446	0
1.697e+02	4.580e-02	0.000e+00	0.000e+00	0.000e+00	168.3662082964787	3zem4/250.0/profile37	1309.192118203852	0
1.440e+02	9.482e-01	8.175e+53	4.808e+55	2.950e+53	242.8295430926161	3zem4/255.0/profile14	2387.9941663470095	4.572440516546229
1.496e+02	9.482e-01	8.214e+53	4.997e+55	3.001e+53	247.19472081053607	3zem4/260.0/profile70	2424.523656526818	4.494685702655777
1.827e+02	4.541e-02	0.000e+00	0.000e+00	0.000e+00	181.4448164639298	3zem4/265.0/profile24	1344.9964960687228	0
1.829e+02	4.016e-02	0.000e+00	0.000e+00	0.000e+00	181.56213356831057	3zem4/270.0/profile23	2170.3855977277885	0
1.615e+02	9.482e-01	8.390e+53	5.398e+55	3.071e+53	261.07215023839825	3zem4/275.0/profile16	2486.2978555148625	4.501541591162718
1.641e+02	9.482e-01	8.675e+53	5.485e+55	3.146e+53	265.95267415145327	3zem4/280.0/profile84	2621.7434644821683	4.4968379319879475
1.993e+02	4.334e-02	0.000e+00	0.000e+00	0.000e+00	197.78149674998593	3zem4/285.0/profile30	2042.5158820283903	0
2.054e+02	4.412e-02	0.000e+00	0.000e+00	0.000e+00	203.84708332325403	3zem4/290.0/profile27	1786.8890713534424	0
2.185e+02	4.701e-02	0.000e+00	0.000e+00	0.000e+00	216.91485382241046	3zem4/295.0/profile41	2721.599579908207	0
6.692e+00	1.305e-01	0.000e+00	0.000e+00	0.000e+00	6.613479592837224	6zem4/15.0/profile62	105589421.80015181	0
1.822e+01	8.882e-01	2.517e+52	5.361e+53	1.085e+52	19.425148630574114	6zem4/25.0/profile31	138.28364856607004	0.027206334445705947
2.177e+01	7.777e-01	1.629e+52	2.060e+53	7.396e+51	22.290305332123094	6zem4/30.0/profile23	101.20524752140506	0.009804580454694864
2.544e+01	7.794e-01	1.759e+52	2.476e+53	7.909e+51	26.02190767867641	6zem4/35.0/profile23	111.83320366754775	0.012313932606895632
2.930e+01	7.553e-01	1.842e+52	2.005e+53	8.652e+51	29.80447620697111	6zem4/40.0/profile40	129.0448964379774	0.010409449791352826
3.318e+01	7.044e-01	1.562e+52	1.263e+53	8.037e+51	33.455762424910816	6zem4/45.0/profile22	119.47328630663715	0.006906027225207691
3.650e+01	5.560e-01	1.004e+52	2.479e+52	6.978e+51	36.40985244064521	6zem4/50.0/profile23	112.69212344029056	0.002124846436989117
3.965e+01	4.654e-01	4.352e+51	5.073e+51	5.069e+51	39.31746348356481	6zem4/55.0/profile24	92.09688235934495	0.0006141049329392707
4.461e+01	5.830e-01	1.199e+52	4.563e+52	7.513e+51	44.53581218473375	6zem4/60.0/profile28	131.35980818105156	0.0034549333194294055
4.770e+01	4.853e-01	6.945e+51	1.107e+52	5.797e+51	47.35029803279432	6zem4/65.0/profile24	113.46497545148345	0.0012666317138002418
5.140e+01	4.148e-01	3.611e+51	4.243e+51	4.243e+51	50.929473407293166	6zem4/70.0/profile36	108.84890247219761	0.0006390427873658283
5.541e+01	3.983e-01	2.999e+51	3.505e+51	3.505e+51	54.921428300616725	6zem4/75.0/profile23	139.89845164301707	0.0004334710940445357
5.823e+01	3.378e-01	9.431e+50	1.126e+51	1.126e+51	57.68071370937274	6zem4/80.0/profile23	151.4274675073316	0.00012189264420467111
6.410e+01	4.208e-01	4.679e+51	5.495e+51	5.495e+51	63.50055117679195	6zem4/85.0/profile31	146.17994406602028	0.0007923654487728615
1.396e+02	9.521e-02	0.000e+00	0.000e+00	0.000e+00	138.52205446861893	6zem4/160.0/profile21	4656151.867319296	0
1.537e+02	2.302e-01	1.931e+52	1.887e+52	1.887e+52	152.93682381100643	6zem4/165.0/profile30	233182.3145470167	2.1400651805456968e-05
1.503e+02	8.007e-02	0.000e+00	0.000e+00	0.000e+00	149.16050172718366	6zem4/170.0/profile16	3694822.4116589944	0
1.587e+02	5.847e-02	0.000e+00	0.000e+00	0.000e+00	157.40761968450693	6zem4/175.0/profile25	596214.7869924153	0
1.645e+02	4.230e-01	1.626e+53	1.532e+53	1.532e+53	167.88927908645618	6zem4/180.0/profile16	19360.887528129013	0.010233205743266818
1.664e+02	7.662e-02	0.000e+00	0.000e+00	0.000e+00	165.03413990136067	6zem4/185.0/profile25	3313609.989414209	0
1.762e+02	1.622e-01	8.939e+50	9.306e+50	9.306e+50	174.81799837180165	6zem4/190.0/profile24	3066720.0140286656	0.005055489950997119
1.811e+02	2.038e-01	6.232e+51	6.215e+51	6.215e+51	179.81260294087605	6zem4/195.0/profile56	726352.0134406751	0.00040169877906895483
1.747e+02	1.275e-01	0.000e+00	0.000e+00	0.000e+00	173.17276446695575	6zem4/200.0/profile70	7487022.268751187	0
1.861e+02	1.343e-01	0.000e+00	0.000e+00	0.000e+00	184.53703728248132	6zem4/205.0/profile8	3845146.1723390473	0
1.895e+02	7.167e-02	0.000e+00	0.000e+00	0.000e+00	187.95494862488388	6zem4/210.0/profile25	3346257.955988158	0
1.932e+02	1.556e-01	0.000e+00	0.000e+00	0.000e+00	191.68932218826913	6zem4/215.0/profile25	3738839.800987031	0
5.428e+00	9.483e-01	1.254e+54	1.506e+54	8.985e+53	203.45672469602303	6zem4/220.0/profile99	201390.92293113557	0.21580562902712688
1.953e+02	1.343e-01	0.000e+00	0.000e+00	0.000e+00	193.61931133501216	6zem4/225.0/profile77	5232150.298268976	0
2.112e+02	8.300e-02	9.557e+49	9.213e+49	9.213e+49	209.48406666422744	6zem4/230.0/profile33	1155415.5805718906	5.53851110382358e-10
2.149e+02	1.358e-01	0.000e+00	0.000e+00	0.000e+00	213.21516918197207	6zem4/235.0/profile16	3568411.4294574577	0
2.152e+02	1.443e-01	0.000e+00	0.000e+00	0.000e+00	213.34371317943143	6zem4/240.0/profile25	3950438.822460542	0
2.254e+02	3.975e-01	3.489e+52	3.497e+52	3.497e+52	224.30593754726456	6zem4/245.0/profile89	271383.04565544997	5.557186293602165e-06
2.239e+02	1.413e-01	0.000e+00	0.000e+00	0.000e+00	221.99098544780557	6zem4/250.0/profile33	4678515.944051744	0
2.317e+02	1.228e-01	0.000e+00	0.000e+00	0.000e+00	229.6911350910325	6zem4/255.0/profile33	3679332.274006181	0
2.362e+02	1.662e-01	0.000e+00	0.000e+00	0.000e+00	234.28861348527775	6zem4/260.0/profile25	3810449.558325542	0
6.661e+00	9.483e-01	1.601e+54	1.920e+54	1.147e+54	245.66527693710026	6zem4/265.0/profile96	213270.70857369315	0.5743108439539721
5.668e+00	9.483e-01	1.490e+54	1.587e+54	1.082e+54	249.61056004363053	6zem4/270.0/profile13	235683.6059425445	0.27538518677835694
5.695e+00	9.483e-01	1.478e+54	1.596e+54	1.061e+54	254.38803579635845	6zem4/275.0/profile36	224558.39342765103	0.3273561333420694
2.590e+02	3.215e-01	2.464e+52	2.495e+52	2.495e+52	256.86743739429414	6zem4/280.0/profile51	280807.4364173249	3.129050598577496e-06
5.802e+00	9.483e-01	1.579e+54	1.634e+54	1.138e+54	263.8554843711839	6zem4/285.0/profile16	214143.9797998126	0.5117412151210514
1.128e+01	9.483e-01	2.367e+54	3.478e+54	8.969e+53	274.2011223824961	6zem4/290.0/profile78	114336.26370844763	0.4814843341667225
2.398e+02	2.203e-01	0.000e+00	0.000e+00	0.000e+00	237.7425334755606	6zem4/295.0/profile89	2615985.612426199	0
1.186e+01	9.483e-01	6.293e+52	3.672e+54	2.480e+52	16.749857915188166	z001/20.0/profile23	339.54301597007566	0.07783962177308039
1.817e+01	8.093e-01	2.008e+52	2.355e+53	9.145e+51	18.88425471764414	z001/25.0/profile22	115.55166809332454	0.013339795412304456
2.127e+01	6.869e-01	1.589e+52	1.087e+53	7.596e+51	21.661162103098718	z001/30.0/profile23	109.06430717829646	0.005706774389464135
2.494e+01	6.828e-01	1.341e+52	8.490e+52	6.985e+51	25.159818578404735	z001/35.0/profile21	107.54253675791337	0.004134622536770451
2.853e+01	6.216e-01	1.142e+52	5.026e+52	6.610e+51	28.57337655035893	z001/40.0/profile24	103.35291437555266	0.0032641471277304215
3.131e+01	4.572e-01	4.233e+51	4.824e+51	4.824e+51	31.071822590589587	z001/45.0/profile23	92.92925176198646	0.00047953893716549267
3.574e+01	5.652e-01	8.999e+51	2.847e+52	5.935e+51	35.604925824046994	z001/50.0/profile25	105.89776291232262	0.002060821070571751
3.982e+01	5.400e-01	8.616e+51	2.257e+52	6.000e+51	39.609552494258146	z001/55.0/profile22	102.07686361585662	0.0021459864889441754
4.143e+01	3.305e-01	3.062e+50	3.775e+50	3.775e+50	40.91696026411945	z001/60.0/profile24	87.89514008098597	4.130560610136428e-05
4.531e+01	3.169e-01	3.250e+50	3.997e+50	3.997e+50	44.73749991564674	z001/65.0/profile23	85.7185872456478	5.6125084590169087e-05
4.909e+01	3.315e-01	5.137e+50	6.186e+50	6.186e+50	48.668808061294776	z001/70.0/profile23	131.3166191618121	5.650466469142169e-05
5.057e+01	2.099e-01	7.286e+47	8.521e+47	8.521e+47	50.18515177967218	z001/75.0/profile22	352.8525985613519	1.3939154773605391e-08
5.727e+01	3.108e-01	4.090e+50	5.069e+50	5.069e+50	56.572742350461944	z001/80.0/profile24	100.67860535850765	7.941808457784973e-05
5.730e+01	1.683e-01	0.000e+00	0.000e+00	0.000e+00	56.6211944837356	z001/85.0/profile24	77.19554158704211	0
6.279e+01	2.178e-01	6.547e+48	8.418e+48	8.418e+48	62.098190094081566	z001/90.0/profile24	132.53676810053858	9.809805351799551e-07
6.392e+01	1.408e-01	6.757e+44	9.609e+44	9.609e+44	63.17908732198593	z001/95.0/profile24	102.28173866409816	1.8211266783301247e-10
1.073e+02	2.372e-01	1.264e+50	1.547e+50	1.547e+50	106.29428859117745	z001/135.0/profile24	257.30088732128905	1.9782585751773774e-05
1.408e+02	8.268e-02	0.000e+00	0.000e+00	0.000e+00	139.67104228241396	z001/170.0/profile22	332.9685753227214	0
1.445e+02	1.499e-01	1.371e+50	1.617e+50	1.617e+50	143.36161515449734	z001/175.0/profile22	413.473924589491	2.1853823776270446e-05
1.473e+02	1.995e-01	5.102e+50	6.006e+50	6.006e+50	146.04707285007476	z001/180.0/profile22	330.4905779073331	0.00012459909442897352
1.525e+02	1.126e-01	4.583e+48	5.806e+48	5.806e+48	151.28999764534746	z001/185.0/profile25	374.3037042419782	7.435394103264864e-07
1.563e+02	1.194e-01	9.725e+48	1.213e+49	1.213e+49	154.97998875753456	z001/190.0/profile23	374.3666045187086	1.6652588874015588e-06
1.531e+02	1.295e-01	8.571e+47	9.722e+47	9.722e+47	152.05355975985503	z001/195.0/profile22	743.0434579847512	4.894766710896686e-08
1.585e+02	1.307e-01	3.871e+47	4.493e+47	4.493e+47	157.44436743942163	z001/200.0/profile21	545.6000341933739	5.0565131094588515e-08
1.536e+02	7.305e-02	2.860e+46	3.352e+46	3.352e+46	152.28866452052753	z001/205.0/profile25	1881.5645564569363	9.33419560519578e-10
1.519e+02	5.301e-02	0.000e+00	0.000e+00	0.000e+00	150.7484490705361	z001/210.0/profile22	1180.2930282996706	0
1.516e+02	4.905e-02	0.000e+00	0.000e+00	0.000e+00	150.3790545572647	z001/215.0/profile31	963.1987727672749	0
1.601e+02	5.378e-02	0.000e+00	0.000e+00	0.000e+00	158.83556742401717	z001/220.0/profile24	864.0442695342671	0
1.634e+02	4.976e-02	0.000e+00	0.000e+00	0.000e+00	162.05528816171022	z001/225.0/profile24	940.058167110794	0
1.745e+02	6.178e-02	0.000e+00	0.000e+00	0.000e+00	173.15288028264314	z001/230.0/profile23	1974.023784298836	0
1.637e+02	4.305e-02	0.000e+00	0.000e+00	0.000e+00	162.36271419789668	z001/235.0/profile24	723.3719707955644	0
1.569e+02	3.355e-02	0.000e+00	0.000e+00	0.000e+00	155.6237622672616	z001/240.0/profile26	1109.167812728464	0
1.712e+02	4.084e-02	0.000e+00	0.000e+00	0.000e+00	170.11788042032632	z001/245.0/profile23	1911.7161690772941	0
1.786e+02	4.212e-02	0.000e+00	0.000e+00	0.000e+00	177.11661732564582	z001/250.0/profile24	1241.367738468217	0
1.772e+02	3.753e-02	0.000e+00	0.000e+00	0.000e+00	175.85206740401387	z001/255.0/profile35	1178.1065455206033	0
2.018e+02	6.561e-02	0.000e+00	0.000e+00	0.000e+00	200.25481767300832	z001/260.0/profile23	1950.1523044549997	0
2.018e+02	5.385e-02	0.000e+00	0.000e+00	0.000e+00	200.3673239996329	z001/265.0/profile24	2206.926514235086	0
2.073e+02	5.792e-02	0.000e+00	0.000e+00	0.000e+00	205.83096187316303	z001/270.0/profile34	2008.1076487426217	0
2.164e+02	7.703e-02	0.000e+00	0.000e+00	0.000e+00	214.76162819835	z001/275.0/profile22	658.6106601142396	0
2.168e+02	6.513e-02	0.000e+00	0.000e+00	0.000e+00	215.12849769604242	z001/280.0/profile25	970.9232137353505	0
2.182e+02	5.880e-02	0.000e+00	0.000e+00	0.000e+00	216.56642847776942	z001/285.0/profile27	2297.6492552092727	0
1.231e+01	3.126e-01	8.263e+51	8.077e+51	8.077e+51	12.389486422521895	z002/15.0/profile27	985.3023231052886	0.00025795046748499316
1.562e+01	4.264e-01	2.427e+52	2.325e+52	2.325e+52	16.13034077298874	z002/20.0/profile25	470.02437408776655	0.0034145061849917536
1.844e+01	7.437e-01	4.061e+52	1.608e+53	1.998e+52	19.837350214565962	z002/25.0/profile23	328.7442277080684	0.02452438074839151
2.165e+01	8.680e-01	3.839e+52	4.622e+53	1.664e+52	23.274262038207727	z002/30.0/profile28	253.83319636231477	0.029413580063520687
2.538e+01	6.980e-01	1.681e+52	9.219e+52	8.822e+51	25.689475607439427	z002/35.0/profile22	114.56689282886627	0.008918907450679683
2.792e+01	5.393e-01	7.533e+51	1.441e+52	5.698e+51	27.800212583567852	z002/40.0/profile23	99.61758489256539	0.0009320375641039115
3.102e+01	4.599e-01	4.176e+51	4.706e+51	4.706e+51	30.852808710837344	z002/45.0/profile21	126.57196763485592	0.00030141823655831717
3.385e+01	3.709e-01	8.475e+50	1.004e+51	1.004e+51	33.527918997189545	z002/50.0/profile22	89.94568715163047	9.176829810706897e-05
3.671e+01	3.090e-01	8.963e+49	1.115e+50	1.115e+50	36.35272167998778	z002/55.0/profile22	90.64787129225722	9.488809892289681e-06
4.116e+01	3.376e-01	4.667e+50	5.657e+50	5.657e+50	40.735254962851336	z002/60.0/profile22	91.31116102355192	6.433150429377973e-05
4.472e+01	3.635e-01	8.979e+50	1.043e+51	1.043e+51	44.411280302350036	z002/65.0/profile22	171.83787108103803	6.270763217583107e-05
4.864e+01	3.218e-01	3.756e+50	4.650e+50	4.650e+50	48.02834713733674	z002/70.0/profile23	91.59761823128396	6.26162003684792e-05
5.124e+01	2.320e-01	2.800e+48	3.815e+48	3.815e+48	50.59151835974348	z002/75.0/profile23	78.37594012829365	5.78614104404515e-07
5.383e+01	1.952e-01	1.682e+47	2.219e+47	2.219e+47	53.247303765310534	z002/80.0/profile22	106.93053790553701	2.7097991551069457e-08
5.880e+01	2.038e-01	2.066e+47	2.840e+47	2.840e+47	58.061588449408255	z002/85.0/profile21	85.29686509918243	4.9753226941216474e-08
6.164e+01	1.761e-01	1.062e+47	1.368e+47	1.368e+47	60.905634295102075	z002/90.0/profile23	115.35482803629908	1.8668196292614693e-08
3.674e+00	9.483e-01	7.047e+53	9.139e+53	5.189e+53	140.6311150923877	z002/160.0/profile96	250099.18688548903	0.24677685518659034
3.384e+00	9.483e-01	6.407e+53	8.195e+53	4.702e+53	143.8693573966824	z002/165.0/profile96	290376.69529337593	0.6205990182663829
3.690e+00	9.483e-01	7.385e+53	9.204e+53	5.433e+53	149.75177927174525	z002/170.0/profile96	262850.6323157023	0.28867766128017197
1.193e+01	3.545e-02	0.000e+00	0.000e+00	0.000e+00	11.817368051306277	z003/15.0/profile58	10648922.268553814	0
1.556e+01	6.013e-02	0.000e+00	0.000e+00	0.000e+00	15.444101922831829	z003/20.0/profile40	106216.92700891865	0
1.895e+01	1.114e-01	0.000e+00	0.000e+00	0.000e+00	18.82470648422286	z003/25.0/profile49	2788.6370647935746	0
2.369e+01	4.802e-01	2.040e+52	1.941e+52	1.941e+52	24.004614032539934	z003/30.0/profile96	79245.19434564424	7.297670834809152e-06
2.739e+01	4.605e-01	2.067e+52	1.971e+52	1.971e+52	27.688044183694878	z003/35.0/profile9	99704.83474853457	9.438234904663819e-06
3.137e+01	2.727e-01	8.375e+50	8.305e+50	8.305e+50	31.117262006684307	z003/40.0/profile84	260716.41888466867	0.00010966324878695388
3.441e+01	2.325e-01	2.606e+50	2.667e+50	2.667e+50	34.130083808695595	z003/45.0/profile83	356954.8793383747	0.00017790906727075347
3.807e+01	2.897e-01	6.984e+49	6.567e+49	6.567e+49	37.830289111337756	z003/50.0/profile12	10759267.349644579	0.013660041645687111
3.721e+01	7.102e-02	0.000e+00	0.000e+00	0.000e+00	36.74975714222726	z003/55.0/profile35	125.75006768804687	0
4.531e+01	2.782e-01	1.240e+50	1.499e+50	1.499e+50	44.95182904773591	z003/60.0/profile15	4224491.166281265	0.0023930119337531542
4.191e+01	1.076e-01	0.000e+00	0.000e+00	0.000e+00	41.479024965153975	z003/65.0/profile39	120.73710703589518	0
4.425e+01	5.234e-02	0.000e+00	0.000e+00	0.000e+00	43.79435344448074	z003/70.0/profile31	116.98936276133674	0
4.726e+01	1.048e-01	0.000e+00	0.000e+00	0.000e+00	46.77691295429281	z003/75.0/profile36	113.5770979290867	0
5.004e+01	1.162e-01	0.000e+00	0.000e+00	0.000e+00	49.531246721238354	z003/80.0/profile29	109.26112576616826	0
4.914e+01	1.024e-01	0.000e+00	0.000e+00	0.000e+00	48.6419677789879	z003/85.0/profile31	108.46254642453735	0
5.179e+01	9.475e-02	0.000e+00	0.000e+00	0.000e+00	51.129741077979745	z003/90.0/profile29	81.9445674360216	0
5.351e+01	8.243e-02	0.000e+00	0.000e+00	0.000e+00	53.137444554929296	z003/95.0/profile28	202.30070620622132	0
5.565e+01	7.132e-02	0.000e+00	0.000e+00	0.000e+00	55.0644939232518	z003/100.0/profile28	95.43133592248245	0
5.848e+01	7.175e-02	0.000e+00	0.000e+00	0.000e+00	57.80591058649651	z003/105.0/profile32	96.14275704299854	0
5.993e+01	5.848e-02	0.000e+00	0.000e+00	0.000e+00	59.27571876652422	z003/110.0/profile29	86.67613150187515	0
6.343e+01	5.376e-02	0.000e+00	0.000e+00	0.000e+00	62.67621594701453	z003/115.0/profile31	103.51349639292266	0
1.182e+01	4.144e-02	0.000e+00	0.000e+00	0.000e+00	11.716188813566587	z004/15.0/profile63	110536.68091255736	0
1.623e+01	4.530e-01	1.795e+52	1.705e+52	1.705e+52	16.551476998127306	z004/20.0/profile27	51706.379356074256	3.5680134977979784e-06
1.969e+01	4.675e-01	2.663e+52	2.507e+52	2.507e+52	20.24756643394628	z004/25.0/profile92	74331.74158927808	1.9358111802027217e-05
2.353e+01	4.553e-01	2.055e+52	1.951e+52	1.951e+52	23.875229405308513	z004/30.0/profile43	111529.99725094326	1.3287466074634151e-05
2.766e+01	3.359e-01	4.256e+51	4.187e+51	4.187e+51	27.53528523920659	z004/35.0/profile57	175185.61272288545	3.1922969750722994e-06
3.119e+01	2.644e-01	9.795e+50	9.863e+50	9.863e+50	30.95975564206038	z004/40.0/profile67	240061.48495921103	6.513126400324109e-05
3.424e+01	2.713e-01	0.000e+00	0.000e+00	0.000e+00	33.955228233474216	z004/45.0/profile13	13740912.110785345	0
3.225e+01	9.697e-02	0.000e+00	0.000e+00	0.000e+00	31.929959924976288	z004/50.0/profile25	110.56794117575315	0
3.473e+01	1.031e-01	0.000e+00	0.000e+00	0.000e+00	34.48777437326339	z004/55.0/profile22	181.75020794909437	0
3.671e+01	1.275e-01	0.000e+00	0.000e+00	0.000e+00	36.45719878497572	z004/60.0/profile22	168.7700393812325	0
3.758e+01	7.989e-02	0.000e+00	0.000e+00	0.000e+00	37.192998878131526	z004/65.0/profile24	90.51699721281732	0
3.978e+01	8.182e-02	0.000e+00	0.000e+00	0.000e+00	39.39045169537225	z004/70.0/profile24	94.76270296590859	0
4.213e+01	7.172e-02	0.000e+00	0.000e+00	0.000e+00	41.70741071259287	z004/75.0/profile25	86.85187479575369	0
4.627e+01	5.075e-02	0.000e+00	0.000e+00	0.000e+00	45.8120164043391	z004/80.0/profile24	99.12772836843834	0
4.472e+01	5.614e-02	0.000e+00	0.000e+00	0.000e+00	44.15158500798844	z004/85.0/profile23	81.29501557598829	0
4.617e+01	4.850e-02	0.000e+00	0.000e+00	0.000e+00	45.66346094046251	z004/90.0/profile26	90.77603149931514	0
4.829e+01	4.537e-02	0.000e+00	0.000e+00	0.000e+00	47.77643383565752	z004/95.0/profile24	94.79690194849782	0
4.982e+01	4.221e-02	0.000e+00	0.000e+00	0.000e+00	49.26538273120102	z004/100.0/profile26	91.89716918904188	0
5.193e+01	3.741e-02	0.000e+00	0.000e+00	0.000e+00	51.319251309361526	z004/105.0/profile24	86.47625715945091	0
5.267e+01	3.727e-02	0.000e+00	0.000e+00	0.000e+00	52.073788361900434	z004/110.0/profile23	91.99283295073418	0
5.519e+01	3.360e-02	0.000e+00	0.000e+00	0.000e+00	54.642270178522594	z004/115.0/profile23	119.53449480748934	0
5.730e+01	3.247e-02	0.000e+00	0.000e+00	0.000e+00	56.8191352235531	z004/120.0/profile23	184.6352863606742	0
5.814e+01	3.101e-02	0.000e+00	0.000e+00	0.000e+00	57.46101032274647	z004/125.0/profile25	103.9384178542776	0
5.924e+01	3.039e-02	0.000e+00	0.000e+00	0.000e+00	58.60614438064102	z004/130.0/profile24	113.94921166319614	0
6.057e+01	2.816e-02	0.000e+00	0.000e+00	0.000e+00	59.92246390846593	z004/135.0/profile24	117.79966420839587	0
6.310e+01	3.120e-02	0.000e+00	0.000e+00	0.000e+00	62.477864566485366	z004/140.0/profile23	118.85083092615075	0
6.390e+01	2.918e-02	0.000e+00	0.000e+00	0.000e+00	63.114270115159776	z004/145.0/profile26	81.01514382184006	0
1.029e+01	4.110e-02	0.000e+00	0.000e+00	0.000e+00	10.183257302212443	z005/15.0/profile47	113642908.45310062	0
1.486e+01	8.517e-02	0.000e+00	0.000e+00	0.000e+00	14.73308879923791	z005/20.0/profile92	11128176.315532273	0
1.934e+01	5.420e-01	4.077e+52	3.828e+52	3.828e+52	20.233152177071766	z005/25.0/profile90	51473.40270650706	3.706133381565514e-05
2.303e+01	5.207e-01	3.794e+52	3.561e+52	3.561e+52	23.843606285225015	z005/30.0/profile86	71152.3096501327	3.776824507552226e-05
2.646e+01	5.043e-01	3.077e+52	2.917e+52	2.917e+52	27.02989301454214	z005/35.0/profile38	107957.0048294747	2.2803753484379875e-05
3.026e+01	4.865e-01	2.388e+52	2.281e+52	2.281e+52	30.61031763944454	z005/40.0/profile8	127518.83741141233	1.8504561961486095e-05
3.349e+01	3.002e-01	0.000e+00	0.000e+00	0.000e+00	33.2116437200868	z005/45.0/profile12	53413821.1896517	0
3.639e+01	3.313e-01	6.597e+50	8.004e+50	8.004e+50	36.367794712392595	z005/50.0/profile6	19667961.504061107	0.047922876025741655
4.040e+01	2.964e-01	1.524e+51	1.977e+51	1.977e+51	40.09828099413469	z005/55.0/profile6	2503660.982915186	0.0025642300467030392
4.371e+01	2.543e-01	1.121e+51	1.187e+51	1.187e+51	43.36135751623136	z005/60.0/profile12	11751199.674305733	4.249695628765638e-08
4.686e+01	2.721e-01	0.000e+00	0.000e+00	0.000e+00	46.46240635013147	z005/65.0/profile8	11963077.82371764	0
3.664e+01	5.036e-02	0.000e+00	0.000e+00	0.000e+00	36.36310683599515	z005/70.0/profile23	249.93201155646528	0
3.983e+01	4.076e-02	0.000e+00	0.000e+00	0.000e+00	39.452172426135	z005/75.0/profile24	96.03403138530723	0
4.108e+01	4.520e-02	0.000e+00	0.000e+00	0.000e+00	40.75749655942034	z005/80.0/profile23	157.54780245076887	0
4.237e+01	4.446e-02	0.000e+00	0.000e+00	0.000e+00	41.96125075814273	z005/85.0/profile24	92.98756085267296	0
4.053e+01	4.111e-02	0.000e+00	0.000e+00	0.000e+00	40.107812283851366	z005/90.0/profile24	90.88430027993843	0
4.413e+01	4.109e-02	0.000e+00	0.000e+00	0.000e+00	43.667378276622884	z005/95.0/profile24	86.66735756819362	0
4.320e+01	3.431e-02	0.000e+00	0.000e+00	0.000e+00	42.739781242082266	z005/100.0/profile27	86.67920824482944	0
4.444e+01	3.650e-02	0.000e+00	0.000e+00	0.000e+00	44.10505812562617	z005/105.0/profile24	168.66569982440063	0
4.619e+01	3.521e-02	0.000e+00	0.000e+00	0.000e+00	45.87801829075161	z005/110.0/profile24	178.86032049595076	0
4.898e+01	3.414e-02	0.000e+00	0.000e+00	0.000e+00	48.45311231248658	z005/115.0/profile29	95.31621491183128	0
5.062e+01	3.184e-02	0.000e+00	0.000e+00	0.000e+00	50.04227321504586	z005/120.0/profile25	92.51546697950785	0
5.148e+01	3.149e-02	0.000e+00	0.000e+00	0.000e+00	50.85891635245871	z005/125.0/profile32	92.85122163936236	0


